TFLOPs												Achieved Active Warps per SM										
Grid Size 	base 	opti1	opti2	opti3	opti4	opti5_rk3	opti6_SOA	opti7	opti8	opti8_shmem		Grid Size 	base 	opti1	opti2	opti3	opti4	opti5_rk3	opti6_SOA	opti7	opti8	opti8_shmem
128X16	0.037599	0.051942	0.049896	0.050971	0.292016	0.322007	0.220336	0.22087	0.224577	0.220703		128X16	7.45	7.51	7.49	7.5	7.29	7.35	7.39	3.89	7.22	7.39
256X32	0.149905	0.204738	0.20012	0.199085	1.138919	1.310449	0.88195	0.868879	0.87579	0.88548		256X32	7.72	7.95	7.74	7.71	7.79	7.64	7.75	3.9	7.84	7.69
512X64	0.637387	0.825812	0.810243	0.803766	4.590448	5.224109	3.421058	3.5179623	3.568776	3.545083		512X64	7.85	7.84	7.89	7.74	7.75	7.74	7.93	5.86	7.81	7.9
1024X128	2.441737	3.165386	3.090395	3.125315	17.449567	20.627805	14.221362	14.171004	14.178414	13.875949		1024X128	20.63	20.12	20.55	20.08	20.64	20.48	20.85	20.38	20.58	20.73
2048X256	3.675851	12.376475	12.596808	12.67055	56.846018	63.96003	54.586965	55.145987	53.524689	53.784172		2048X256	39.41	39.92	39.91	39.59	21.59	21.56	21.93	21.71	21.85	21.77
4096X512	3.508808	18.601899	19.9168	21.069944	76.126396	78.618528	45.144017	67.783596	85.598132	84.696289		4096X512	44.71	43.74	43.71	43.73	22.58	22.61	22.99	22.97	22.84	22.91
8192X1024	2.777642	8.556269	9.733489	10.047842	60.305087	63.459216	20.003547	68.77198	77.050754	74.781149		8192X1024	46.14	44.6	45.42	44.19	22.96	22.97	23.21	23.21	23.19	223.2
16384X2048	5.495521	4.943954	5.187824	9.966551	51.371815	41.139264	16.320275	51.665885	71.994962	0		16384X2048	46.53	42.91	43	43.8	23.05	23.04	23.27	23.4	23.22	0
																						
dRAM%												Estimated_speedup										
Grid Size 	base 	opti1	opti2	opti3	opti4	opti5_rk3	opti6_SOA	opti7	opti8	opti8_shmem		Grid Size 	base 	opti1	opti2	opti3	opti4	opti5_rk3	opti6_SOA	opti7	opti8	opti8_shmem
128X16	0.38	0.62	0.62	0.6	0.47	0.47	0.49	0.51	0.56	0.56		128X16										
256X32	0.92	1.56	1.57	1.58	1.06	1.07	1.21	1.16	1.28	1.3		256X32										
512X64	2.9	4.88	4.67	4.94	3.23	3.28	3.28	3.4	4.12	4.16		512X64										
1024X128	7.72	13.33	13.49	12.92	8.28	8.26	8.53	7.83	10.04	10.14		1024X128										
2048X256	11.35	20.75	20.82	20.69	9.87	10.4	10.38	9.95	12.49	12.78		2048X256										
4096X512	18	33.28	33.02	33.83	11.94	11.9	11.73	10.97	14.02	14.43		4096X512										
8192X1024	37.39	70.36	70.05	70.27	20.14	20.35	20.12	18.4	24.17	24.49		8192X1024										
16384X2048	42.45	78.99	79.11	79.1	24.24	24.31	23.92	21.99	29.29	0		16384X2048										
																						
SM_throughput %												TFLOPs_hardware (fp32)										
Grid Size 	base	opti1	opti2	opti3	opti4	opti5_rk3	opti6_SOA	opti7	opti8	opti8_shmem		Grid Size 	base 	opti1	opti2	opti3	opti4	opti5_rk3	opti6_SOA	opti7	opti8	opti8_shmem
128X16	1.32	1.03	1.03	1.01	1.28	1.28	1.4	1.48	1.38	1.37		128X16	0	0	0	0	0	0	0	0	0	0
256X32	4.61	3.52	3.45	3.4	4.42	4.48	4.91	5.28	4.86	5.02		256X32	1	1	1	1	1	1	1	1	1	1
512X64	16.78	12.76	12.64	12.58	16.47	16.44	18.47	18.7	18.07	18.26		512X64	3	3	3	3	4	4	4	4	5	5
1024X128	49.6	38.74	39.09	37.84	47.41	47.24	50.43	47.71	50.6	50.04		1024X128	9	10	10	10	12	12	12	11	13	13
2048X256	73.39	65.52	65.38	65.24	60.07	58.73	64.5	62.55	65.33	64.96		2048X256	13	17	17	17	15	15	15	15	17	17
4096X512	87.7	82.94	82.21	82.61	69.47	69.13	72.91	68.27	75.13	74.64		4096X512	16	22	21	21	18	18	17	16	20	20
8192X1024	91.78	85.13	86.71	86.59	72.19	72.06	75.63	69.67	77.38	77.36		8192X1024	16	22	23	23	19	18	18	17	21	21
16384X2048	92.91	82.47	82.4	82.58	73.13	73.15	76.08	69.98	77.93	0		16384X2048	17	22	22	22	19	19	18	17	21	0
																						
SMPS%												Occupancy										
Grid Size 	base	opti1	opti2	opti3	opti4	opti5_rk3	opti6_SOA	opti7	opti8	opti8_shmem		Grid Size 	base 	opti1	opti2	opti3	opti4	opti5_rk3	opti6_SOA	opti7	opti8	opti8_shmem
128X16	0.25	0.33	0.33	0.32	0.36	0.36	0.37	0.39	0.41	0.41		128X16	15.52	15.65	15.61	15.61	15.19	15.31	15.39	8.11	15.05	15.39
256X32	0.93	1.21	1.19	1.17	1.39	1.41	1.45	1.55	1.63	1.69		256X32	16.08	16.56	16.12	16.07	16.22	15.92	16.15	19.68	16.32	16.02
512X64	3.51	4.57	4.53	4.5	5.5	5.5	5.78	5.85	6.45	6.52		512X64	16.35	16.33	16.43	16.13	16.15	16.13	16.53	12.21	16.26	16.45
1024X128	10.57	14.15	14.27	13.82	16.34	16.28	16.28	15.38	18.64	18.44		1024X128	42.99	41.91	42.81	41.84	43	42.67	43.45	42.46	42.88	43.2
2048X256	15.79	24.16	24.11	24.06	21.03	20.56	21.15	20.48	24.45	24.31		2048X256	82.11	83.17	81.89	82.49	44.98	44.93	45.68	45.23	45.53	45.35
4096X512	18.96	30.74	30.47	30.62	24.51	24.39	24.09	22.53	28.34	28.15		4096X512	93.15	91.12	91.06	91.1	47.05	47.1	47.89	47.85	47.59	47.74
8192X1024	19.89	31.63	32.22	32.18	25.57	25.52	25.09	23.08	29.3	29.29		8192X1024	96.13	92.92	95.63	92.07	47.83	47.84	48.36	48.56	48.32	48.33
16384X2048	20.16	30.68	30.66	30.72	25.95	25.96	25.29	23.23	29.57	0		16384X2048	96.93	89.39	89.58	91.26	48.02	48.01	48.48	48.75	48.38	0
																						
time												Memory Throughput (Tbytes/s)										
Grid Size 	base 	opti1	opti2	opti3	opti4	opti5_rk3	opti6_SOA	opti7	opti8	opti8_shmem		Grid Size 	base 	opti1	opti2	opti3	opti4	opti5_rk3	opti6_SOA	opti7	opti8	opti8_shmem
128X16	0.0067	0.0048	0.005	0.0049	0.0034	0.0097	0.0136	0.0136	0.0134	0.0136		128X16	0.00645	0.01054	0.01049	0.01009	0.00798	0.00795	0.00836	0.00875	0.00959	0.00958
256X32	0.0133	0.0097	0.0099	0.01	0.007	0.0182	0.0271	0.0275	0.0273	0.027		256X32	0.01571	0.02641	0.02676	0.02693	0.01791	0.01821	0.01906	0.01968	0.02179	0.02209
512X64	0.0249	0.0192	0.0196	0.0198	0.0138	0.0365	0.0557	0.0542	0.0534	0.0538		512X64	0.04934	0.08281	0.07921	0.08381	0.05511	0.05576	0.05581	0.05782	0.06983	0.07085
1024X128	0.0521	0.0402	0.0411	0.0407	0.0291	0.074	0.1073	0.1077	0.1076	0.11		1024X128	0.13182	0.22744	0.22893	0.22015	0.14103	0.14071	0.14529	0.13374	0.17099	0.17274
2048X256	0.2766	0.0821	0.0807	0.0802	0.0715	0.1907	0.2235	0.2212	0.2279	0.2268		2048X256	0.19385	0.35397	0.35538	0.35302	0.16866	0.17771	0.1773	0.16999	0.21322	0.21825
4096X512	2.3172	0.4371	0.4082	0.3859	0.4272	1.241	2.1613	1.4394	1.1398	1.152		4096X512	0.30754	0.56845	0.56421	0.57785	0.20397	0.20328	0.20045	0.18748	0.23954	0.24659
8192X1024	23.4174	7.6021	6.6826	6.4736	4.3144	12.2999	28.9871	11.3497	10.1302	10.4377		8192X1024	0.63902	1.2	1.2	1.2	0.3442	0.34775	0.34377	0.3144	0.41307	0.41861
16384X2048	94.7067	105.2726	100.3239	52.221	40.5252	151.8149	382.0897	120.8835	86.7499	0		16384X2048	0.7255	1.35	1.35	1.35	0.4143	0.14542	0.40884	0.37582	0.50052	0
